[25.jpg]
filters=PencilSketch=1,2.000000,200.000000,0.000000;
moddate=2b4d992db8aed101
width=1920
height=1200
textactive=0
